Teff,logg,Alpha_Amplitude,Alpha_Std,Beta_Amplitude,Beta_Std,Gamma_Amplitude,Gamma_Std,Delta_Amplitude,Delta_Std,Epsilon_Amplitude,Epsilon_Std,Zeta_Amplitude,Zeta_Std
10000.0,5.5,-0.37577048117502526,22.03944639624845,-0.5169374510935013,20.809568886150032,-0.5761600916401023,17.19002324035516,-0.6036463875206498,14.064392119949842,-0.6055821989531214,10.48730896225535,-0.5949365551051414,8.611768688237586
10000.0,6.5,-0.3507696580654234,68.16576100412567,-0.555996878767142,52.60019233471306,-0.6091132716151898,33.82307817208036,-0.5610378555504325,20.846403697595218,-0.5177048457807429,10.284608861089305,-0.5151489101863763,8.128399092421605
10000.0,8.0,-0.37610201402134735,46.31092475369494,-0.4688410420857548,32.35301652747959,-0.5167211240657745,20.54047162727229,-0.5155893954580401,15.149920523888364,-0.46053397747582436,10.601709319087067,-0.3779652483347649,8.36020210639246
10000.0,8.75,-0.2332420367923205,166.90200418993135,-0.33582119665223925,104.02215781335,-0.48784649603078684,15.639699705243936,-0.45769498923662755,11.988369804534171,-0.3494471548705849,9.644288585039124,-0.23427006491066893,8.1407606638672
10250.0,4.5,-0.12044032050052923,49.17236980560121,-0.17001686252062317,71.06111260925434,-0.4045634725110234,4.695044444553632,-0.4199845095609564,3.8421602980176663,-0.4170199244070413,3.3893022385304246,-0.41029661094278363,3.0890839491908837
10250.0,5.0,-0.3606021577143065,17.988880573122888,-0.5181007072700493,17.507982261641313,-0.5851753889985446,14.683325181446484,-0.6168821891398342,12.699175188847818,-0.6260078477411989,10.15302960142844,-0.6210541422831539,8.664722238700447
10250.0,5.5,-0.37297873383039654,32.7393662527586,-0.5416084405882362,30.095093039279835,-0.6116880518159017,23.357131797638118,-0.6297456597023845,17.60439200391983,-0.5952240872263695,11.960610371011681,-0.5642519850461186,8.659305349644269
10250.0,7.0,-0.3335520237125322,41.17667869128671,-0.4515765107579093,38.65469044957165,-0.5019963145958221,26.301636300071003,-0.5051581204075998,16.831575057330703,-0.4710569454892305,10.77248710798014,-0.43338043875612375,8.312215654232984
10500.0,4.5,-0.7736458719561087,14.86446550498973,-0.9146851024429622,10.360796946636993,-0.9405958304601104,8.000489714990156,-0.9604896794036213,6.876978928478672,-0.9695387615666999,6.2249553034480964,-0.973238848978448,5.951574189741695
10500.0,6.75,-0.3399535564966189,34.618724325719555,-0.43498763722979705,45.20427088995174,-0.4909745781213259,29.856617243070982,-0.49236733254819587,16.728571788648743,-0.5056253987762994,8.29507438754096,-0.49207134597081964,6.607691454899461
10500.0,8.0,-0.3436581392788803,137.5592730321092,-0.5409536023904249,87.12110561931732,-0.44278300264435855,39.69829469614884,-0.44011625376463065,14.616800057218835,-0.4112782735775587,10.229629164385099,-0.33500502971975316,8.36578685493335
10500.0,8.5,-0.27053321589392615,120.93039745200663,-0.38446638240992154,88.98407009380982,-0.4391314726174336,20.741593870093844,-0.42807865980302173,14.133363754512363,-0.3309721391626684,9.748052451898912,-0.23171940618524609,7.921011325738516
10500.0,8.75,-0.27008929159562284,78.94418746783789,-0.3806238191977784,55.59963271303169,-0.38709255624865857,33.52128659489822,-0.332767185647189,17.892923905619124,-0.2523832163101763,10.587175895858989,-0.16714738564258252,8.524181025496189
10500.0,9.0,-0.41263709275388893,90.11982837614606,-0.5213555179487539,58.52486155594581,-0.5446394608644475,30.876251715560837,-0.4979938915383838,17.280527714470868,-0.3267171861753757,11.121479279524609,-0.1787003892707055,8.88493522513068
10500.0,9.25,-0.3466545639380242,26.76328686180819,-0.423577844139176,17.878219618178456,-0.435276731274211,12.839785345464081,-0.3679915993503062,10.959738764143637,-0.21556101130335376,9.405081506657776,-0.11953300260647501,8.188947855176128
10500.0,9.5,-0.3022785020596917,42.340738218301304,-0.37367720709320196,28.4816754517736,-0.44636951971448174,13.873692029355302,-0.3434854235985787,11.650764376832308,-0.18055780278570505,9.900278820332753,-0.0915843389583394,8.507718306591682
10750.0,4.5,-0.370147536985548,8.924366387066847,-0.48229313511486416,8.538703989795914,-0.522966597241559,7.687798818614415,-0.5445589071391537,7.242608374473574,-0.5600410023252359,6.4421853823744115,-0.570836834784591,5.893913266417471
10750.0,5.0,-0.42477310099509313,17.744357658693996,-0.5735953172918429,16.098248587803777,-0.6310220616962975,13.5977267176806,-0.6598971821590845,11.898446129282918,-0.6731691613022734,9.642621748190408,-0.6727527432323311,8.296465210274848
10750.0,5.25,-0.4171817105009021,22.254762708820525,-0.5816259247360195,19.614466057295285,-0.6421862513078165,16.044691509258755,-0.6717752829485131,13.399516065159396,-0.6801887868756898,10.32403292082747,-0.6726594704596659,8.714683192176897
10750.0,5.5,-0.1538193595411338,25.07991354693959,-0.23282738678079173,58.823254521704705,-0.2852291897704217,30.145101207208743,-0.29951677461603704,16.13583175975666,-0.2723406440435517,11.640634402178623,-0.236655760800983,7.8414743654835295
10750.0,5.75,-0.3535711711619634,18.378867564163254,-0.4771615644407279,16.8917726777545,-0.5274523992614721,14.191534191358905,-0.5528052992232428,12.020110363259612,-0.5596890073766527,9.35082116846822,-0.5529742726021724,7.94436477260093
10750.0,6.25,-0.3513851369956276,50.98228892281414,-0.5467124114429371,38.54148956865667,-0.6108882944716435,27.655496570797496,-0.6040013413066901,19.693935800202276,-0.5233486006277538,13.058807136608188,-0.4704955230439378,8.813794964155413
10750.0,7.5,-0.3008337126553,119.07506661434903,-0.5098800081781599,76.78885150870896,-0.4699531765690569,41.06247565634722,-0.38764996043751576,16.834401658369465,-0.3923077933191068,9.891512396536866,-0.3448174745734839,7.884194079925448
11000.0,4.5,-0.38514333424747993,12.023439883746912,-0.5339933182327143,11.622533917021679,-0.5949941102395104,9.981034124181189,-0.6253081756376369,9.127579518346108,-0.6426563898915689,7.98166936334172,-0.6506852576286677,7.283825922994494
11000.0,5.0,-0.44162031065134055,17.085811465283374,-0.5988578112227643,15.700568564906943,-0.6595887999839509,13.225686072316606,-0.6902133581375945,11.666898261053326,-0.7055707403314805,9.614851406570656,-0.7061625235561032,8.389383445684471
11000.0,5.25,-0.3674593654020558,14.763085158164406,-0.4915678080270866,12.011395435264907,-0.5421861516154031,8.809881135946757,-0.567978807780149,7.207439774149819,-0.5802686272947409,6.444215632303974,-0.5840277246375775,6.137602183066872
11000.0,5.5,-0.37890366436597106,22.188877990805295,-0.5297852747805003,20.97568689572342,-0.593100413943549,17.28156162805184,-0.6218344236507974,14.279548469870639,-0.6229804805256804,10.758373003807156,-0.6102665092543447,8.846478274145205
11000.0,5.75,-0.37371663143310563,31.44077583258076,-0.5447513309996341,27.181636746928266,-0.6112879280192437,21.36345908569641,-0.633847043859222,16.544626339666973,-0.6119392366812593,11.818870246109128,-0.5800532926496224,9.36067190800686
11000.0,7.5,-0.29213438753926335,23.128119460092027,-0.24264853357031912,66.68357676440671,-0.387143802501623,14.167674817886704,-0.3941144570418529,9.556339568792698,-0.3597305438500464,8.921570132130624,-0.3061868350788463,7.557848046506695
11000.0,8.25,-0.3950553269980723,100.28622525850088,-0.5363899888051363,69.57123189742889,-0.5491926312514146,33.871238596651835,-0.5045017761584639,18.463630842073158,-0.4208318067190315,11.038350177577275,-0.32097069252656996,8.484926156819306
11000.0,9.0,-0.3960350218234896,120.56787542817013,-0.5240489117967828,81.94922536167802,-0.5271805416101782,30.496947267671338,-0.48964079553086143,16.735164009544203,-0.32147448487184277,11.027515632435982,-0.1759990033850797,8.948722135261935
11250.0,4.5,-0.3817586219954035,11.502698282493197,-0.5286309563651926,11.13048477724633,-0.5887133545916007,9.570842312550283,-0.618598577978505,8.7830934118519,-0.6359406473284359,7.7286378154693764,-0.6445028220482872,7.087003747951792
11250.0,4.75,-0.3793658010293025,13.305381052725393,-0.5270047160832358,12.814961185372155,-0.5878905290888767,10.954208403570485,-0.6181200030748129,9.91276828958803,-0.634341545258499,8.495227735099023,-0.6400359391644586,7.629111628621214
11250.0,5.0,-0.37736457191855854,15.379871242604773,-0.5251343693678818,14.755203452044851,-0.5866426090812613,12.519735684165283,-0.6169672660919041,11.121444717193096,-0.6307949563042471,9.23625938503771,-0.6322849853635428,8.09897698875193
11250.0,5.25,-0.3691458353105003,18.361733495797363,-0.5269377643537275,16.582185481171987,-0.5894194194525955,13.823323102278055,-0.6194391983179792,12.024354101169084,-0.6300384372608818,9.737086077624543,-0.6265936725525756,8.42435528556135
11250.0,6.25,-0.36898425760094744,35.83929168694809,-0.5209764886415982,30.12602509111368,-0.5790908314785461,22.75814520634494,-0.5943329718354734,16.682511276941693,-0.5666675538954559,11.491882886178228,-0.5360514822935537,8.975973212189842
11250.0,6.75,-0.2868284922746858,22.615455180980785,-0.41626701740258487,21.722691462415032,-0.46929523304128085,16.707498450708524,-0.4837867912189895,14.041617743097843,-0.4468835928425054,11.17194681594969,-0.3849779858876006,8.9844507749125
11500.0,4.5,-0.378173115523509,11.055677037926216,-0.5229204552817116,10.724292790828713,-0.5821313203245717,9.232809303535356,-0.6116136925420519,8.4970473810268,-0.628882088808711,7.513941402950461,-0.6378260044759824,6.915353513382554
11500.0,4.75,-0.3760453894659469,12.76978201776283,-0.5218811342433743,12.312636480401693,-0.581922926549704,10.539349447784508,-0.6117774269539041,9.57447384241558,-0.6281655077168731,8.259967955089316,-0.634567264294021,7.455694166659066
11500.0,5.0,-0.37412361039108466,14.74458727831543,-0.5204526065378986,14.14246279803114,-0.5811829510940669,12.019609248176101,-0.6112115096986374,10.735012236813919,-0.6255969090397102,8.99388250971153,-0.628163211914002,7.940566852264911
11500.0,5.5,-0.36461263891187323,19.32490257527812,-0.5088765260480786,18.63114952303276,-0.5709893348522852,15.521532240402605,-0.6001229946564008,13.191255298329692,-0.6051525122244656,10.291292458724746,-0.595684257764076,8.649472267827774
11500.0,6.0,-0.41883997398623324,51.627494196719105,-0.5560168883391622,43.58318236721347,-0.6096823581619116,27.35733077130829,-0.6102087736253248,17.191525505745783,-0.556019788186379,11.518396987082772,-0.5016647847377224,8.673266943806038
11500.0,6.5,-0.3380150210347169,24.04065361542488,-0.4538757761976185,21.48494662249395,-0.5016334409891502,17.27158694410305,-0.5224570913065646,13.58800165111819,-0.5121360210897974,10.07365542375491,-0.4862335043502642,8.382626254028924
11500.0,6.75,-0.3654734321136645,39.67460624317432,-0.5070534150216945,36.18095518864531,-0.5652973103162556,26.033321181940494,-0.5714226296415547,17.631335883718783,-0.5336792859695837,11.461285412406752,-0.49590775854361824,8.818487396658128
11750.0,4.5,-0.37444523479283154,10.674803940191914,-0.5170113471378137,10.390134842068083,-0.5754183902607614,8.954414186849794,-0.6045345802534104,8.260035928209588,-0.6216791334168263,7.333218837813173,-0.630885543390354,6.7683825347855375
11750.0,4.75,-0.3725150888389721,12.306864881162408,-0.5164130223840723,11.894648399559344,-0.5756558000927466,10.19417968258185,-0.6051531487831553,9.29028878947185,-0.6216083078657516,8.05715014295126,-0.6285056490104546,7.3018504521337695
11750.0,5.0,-0.37067769181732796,14.212505901882182,-0.5156168379873771,13.643241243941013,-0.575668507570889,11.6099052047313,-0.605418051719467,10.412946726184419,-0.620159464386956,8.784738895716869,-0.6235501590388236,7.797337406751356
11750.0,5.25,-0.3691404691124535,16.394853706694,-0.5143917971084314,15.644279569529255,-0.5750459522078871,13.197398467102355,-0.60471124741707,11.596698788973223,-0.6163224976187748,9.47697389024302,-0.6147934171355396,8.223031567620776
11750.0,5.5,-0.366144887280415,24.378022190170732,-0.536619656259844,18.5094068565209,-0.5951892533720493,14.940441847412046,-0.6210855319603679,12.674854699186723,-0.6225622965482221,10.154754855220675,-0.6067823615506693,8.82798363393161
11750.0,6.0,-0.3157208526062341,19.538892085834398,-0.42196079707553286,18.203815548091452,-0.46928874028608436,14.738857395489529,-0.4910442018066672,12.196407450162777,-0.491477304514322,9.467529848845748,-0.4799322814086884,7.915059732943407
11750.0,6.25,-0.38252338200878366,30.510079174815264,-0.529435661573247,27.425914683195156,-0.58951088402101,21.456328124636254,-0.6099716503659686,16.25134622428165,-0.5894419598426683,11.39577738750637,-0.5583793114348043,9.039356761191643
12000.0,4.5,-0.37062006472283143,10.350580390441406,-0.5110290608998284,10.112329694372413,-0.5687092556251261,8.721988561561826,-0.5974959321359642,8.061027142039135,-0.6144946316454314,7.179844043369846,-0.6238726110317566,6.642278005882395
12000.0,4.75,-0.3688727496519621,11.908773460281665,-0.5107765745646481,11.546248635575147,-0.5692781040650114,9.905919044890425,-0.5984406581617963,9.051139656945953,-0.6148799957766228,7.883515280766622,-0.6221394929688777,7.1669948469592235
12000.0,5.0,-0.36725171272960294,13.72257921611919,-0.5103517828465166,13.206339454213456,-0.5696583867975373,11.253421481144604,-0.5991015975313517,10.129439862862032,-0.6140737500620743,8.594024349957953,-0.6181020342279002,7.660662288182432
12000.0,5.25,-0.3658351283274483,15.803094363721774,-0.5094724827557933,15.10646603462034,-0.5694170487028974,12.765933936234697,-0.5988552246102563,11.273003525014284,-0.6110639968945003,9.280334378435816,-0.6105204388117407,8.096832330236039
12000.0,5.5,-0.36463185930407926,18.211445801621384,-0.5084079500777208,17.292152865394254,-0.5688291500915779,14.460258843260117,-0.5977970407774678,12.462925558736869,-0.6055439516941719,9.918896854186043,-0.5989655789625221,8.461545577304985
12000.0,5.75,-0.34342701783903196,9.050711762794498,-0.15935876850498235,46.21872854853455,-0.16460048447613307,32.59567707282146,-0.4496920440521612,3.2021368842612996,-0.4468131762966929,2.8179768734972606,-0.43821139720035157,2.716944478605624
12000.0,8.0,-0.13731226182077633,46.036704565049185,-0.19709740812681206,54.43919401199361,-0.20151048183508646,31.21606563258095,-0.1653338310099978,18.024616951638386,-0.10512394448787943,10.975231906267883,-0.06144809031753131,8.368537209877934
12250.0,4.5,-0.36669725247520313,10.074947776874414,-0.5050572931798663,9.87921112918985,-0.5620601791254266,8.525875264714744,-0.5905504217728172,7.892178131385014,-0.6073909728957193,7.04853199261239,-0.6168675255616517,6.533612369365876
12250.0,4.75,-0.36508190183246647,11.577220288526787,-0.5051537837034771,11.261698435831192,-0.563010212387412,9.668595331858244,-0.5918868148678207,8.852673250382114,-0.6082704810599068,7.737836991007725,-0.6157734555330535,7.052556792576624
12250.0,5.0,-0.3637197802831339,13.300162694976855,-0.5049576922435106,12.838611879917739,-0.5635493162186038,10.952675195642714,-0.5926898715384948,9.888004925834162,-0.6077903853352079,8.42805045497723,-0.6123031543903015,7.538352279091657
12250.0,5.25,-0.3625000959615542,15.288766967657402,-0.5044636014341831,14.648984577148553,-0.5636928542763234,12.398505639017424,-0.5928835776388833,10.993074277671289,-0.6055252725619854,9.104094266476956,-0.605770172090719,7.978332139193786
12250.0,5.5,-0.3613902166945727,17.587675592876323,-0.5036581215220314,16.73062036556096,-0.5634175223992689,14.019103703701393,-0.5922505299826932,12.14989595016049,-0.600842384632564,9.743596095618708,-0.5953599126587894,8.357788340317205
12250.0,5.75,-0.36055528748787224,20.24719344954705,-0.5027612811045788,19.121563880457987,-0.5628720517362641,15.818458621080232,-0.5906767178318114,13.327171674503509,-0.5932702915772904,10.319972706501014,-0.5807037690140041,8.662079539231364
12250.0,6.0,-0.3597680564782988,23.336998408853468,-0.5017240600270858,21.871627650839258,-0.5619910248654342,17.79512108460969,-0.5877162216728766,14.486698852160332,-0.5821311452258846,10.810657785445683,-0.5616102387805207,8.877177827826056
12250.0,6.5,-0.3580815882856213,30.82040549187335,-0.49836850306640434,28.375110256976587,-0.5577081050620856,21.983920322047485,-0.5748233932455451,16.448572467402673,-0.548312411352606,11.413593831795627,-0.5128198110393476,8.94629362113464
12250.0,7.0,-0.2323210417188644,35.26935006950268,-0.27823210121037156,56.0043935901705,-0.2924042353202706,24.4395861348965,-0.22500422545243318,15.321653125080562,-0.08801149514682913,11.157227248354973,-0.03466015999446576,9.157076037783359
12250.0,7.5,-0.341247091227595,44.69096234902109,-0.46719175920855843,40.78427644019678,-0.5162216000323342,27.71497040019869,-0.5059636539307011,17.734393847856502,-0.4401966058297404,11.401949539446623,-0.36660579081012384,8.67987813748311
12250.0,8.25,-0.3250979015626383,57.01746984994224,-0.4513253227747583,46.71040527529025,-0.4825265612804954,29.933401927037654,-0.4384211210284301,18.93817689527205,-0.3127596598839911,11.666911713606618,-0.19299163575819742,8.965397367343376
12250.0,8.75,-0.3200567232087836,11.632612162261067,-0.16771280658749393,67.02581724757042,-0.132667486105117,32.993819757759766,-0.13236975552080452,6.410322598445637,-0.053963172351383384,5.742808761984854,-0.02940233591821839,5.506623212920964
12250.0,9.0,-0.34195158416135524,90.95625717064344,-0.4605782096944221,65.65610560080466,-0.4521041614757865,32.725985086761646,-0.3783608241391828,18.37114635124182,-0.201295935460578,11.61635968339132,-0.09242625471249727,9.211862487526377
12500.0,4.5,-0.3629498405242791,9.834083292755851,-0.49927529604970056,9.679624453127357,-0.5556898783560908,8.356102911169073,-0.5839132920681849,7.745345751476542,-0.6005781808063204,6.9337064901932575,-0.6101014054913212,6.438101778381685
12500.0,4.75,-0.36141944730748266,11.27781864600492,-0.4994948590930318,11.011288712458505,-0.5567159052395502,9.45931714700115,-0.5853057022402731,8.676920596626841,-0.6015913565586671,7.607250083272407,-0.6092518416761876,6.948655026355766
12500.0,5.0,-0.36019562451380427,12.931254236214569,-0.49953470197073974,12.52551364116166,-0.5574667834190271,10.69536723006049,-0.5863228150867212,9.679663665625826,-0.6014707063052301,8.282570208444817,-0.6063415794724203,7.428913200154041
12500.0,5.25,-0.35912924848163114,14.837776523121141,-0.4993411798832151,14.259574776742697,-0.5579088674508026,12.08421272633285,-0.5868475373172206,10.750526203654093,-0.5997681007984086,8.947671347929267,-0.6006182977339155,7.869691006576964
12500.0,5.5,-0.3581885278967243,17.043867712306426,-0.498909616332438,16.250880953302655,-0.5580240012923665,13.640333591420196,-0.5866967595961574,11.875694337030753,-0.5959207338090903,9.583792002618406,-0.5913309519299969,8.258361302352661
12500.0,5.75,-0.3573690805663409,19.591148777668913,-0.49820828983432464,18.534031529015557,-0.5577266591747866,15.368767563323088,-0.5855223557493379,13.028445146792881,-0.589185335536088,10.167769116311574,-0.5777294884642864,8.581145568283397
12500.0,6.0,-0.3568399817011215,22.53731292270332,-0.4974953023390979,21.14831697923876,-0.5571811639504259,17.26616512473977,-0.5831716288221758,14.172046627258005,-0.5791463508033015,10.676460520393785,-0.5597351072899927,8.823314135366639
12500.0,6.25,-0.35660829297341606,25.951154093904513,-0.49686116832082267,24.130764244132212,-0.556427201957375,19.307896161371694,-0.5792935220555401,15.256876260411497,-0.5654929490533132,11.086221238610188,-0.5377643566976665,8.961348102170025
12500.0,6.75,-0.2819257379963767,27.502053320269596,-0.3449378382780335,37.65182266620869,-0.3916761722166062,26.055464994324037,-0.4079152355023443,14.528563680792452,-0.40509025922837666,8.605737192771596,-0.3843891913289606,7.053853312550446
12500.0,7.0,-0.292819601270567,37.024849900441,-0.429347181924379,32.32557325667326,-0.4857673258799924,23.609550816903727,-0.4892497142942949,17.700995060702866,-0.44416331366951506,10.819219724360096,-0.4101437004363102,7.4141280255487025
12500.0,8.0,-0.33476096986221343,53.485606673577436,-0.46222121338324706,44.62625663174814,-0.5006107590594868,29.109986861008753,-0.4696278906818574,18.558859612400553,-0.36688972818918864,11.495858049730085,-0.2582667731267071,8.782970528490106
12500.0,9.0,-0.3263907079177629,86.41944750202423,-0.44438414141772387,64.39114289884293,-0.4343133758989398,32.94559401941681,-0.3557345926429581,18.522338407525083,-0.1801659464730653,11.721826494787193,-0.07965581095390717,9.269917789593057
12750.0,4.5,-0.358982876677996,9.632067149606826,-0.49354706942562643,9.511933275058384,-0.5494105565725449,8.212362542615217,-0.5773975007584213,7.620250894520578,-0.5938868489477439,6.835743534330936,-0.6034334299048273,6.356472574480528
12750.0,4.75,-0.3575776322370693,11.023343099174255,-0.493829037449206,10.79893328027356,-0.5504507659762657,9.280516566924685,-0.5787768351637472,8.525906615616087,-0.5949448272175883,7.49435356272525,-0.6027099874275108,6.858481239762687
12750.0,5.0,-0.3564941496335796,12.615076096284659,-0.49403798774670776,12.259735616490289,-0.5513431741462843,10.475506496650514,-0.5799289421480879,9.500517622233522,-0.5950664165511144,8.156256485850776,-0.6001729445789163,7.3332078927365405
12750.0,5.25,-0.3556053884834387,14.447587485147231,-0.49410594970273636,13.927550830514631,-0.5520379779114333,11.814621810135058,-0.5807244654066391,10.540568516315728,-0.5938272953641469,8.80978936768676,-0.595128058928897,7.7718094543621055
12750.0,5.5,-0.35485630740920027,16.561893030709754,-0.4939503433323024,15.837032502553294,-0.5524306385425566,13.312065729475616,-0.5809066992786339,11.634673989384925,-0.5906070179394464,9.438985371601293,-0.5867363574051482,8.164266492802795
12750.0,5.75,-0.3542160838106515,19.00968386856042,-0.4936131367525453,18.02498428810168,-0.5525093694211509,14.977126266415983,-0.5802479790474309,12.761977212129306,-0.5847758971410034,10.025361629467188,-0.5742788076899861,8.499862695089705
12750.0,6.0,-0.3537481961547399,21.832887045903895,-0.49308688185341704,20.527652449245256,-0.5521989954556095,16.80804905597515,-0.5783501992909392,13.89024344275245,-0.5756226919108194,10.547458645600138,-0.5572472863958972,8.76407333336886
12750.0,6.25,-0.3534875026821684,25.108317024935523,-0.4925626887315841,23.386726038062953,-0.5516588802811765,18.78885473794639,-0.5749793854317935,14.977962023418192,-0.5627974780875511,10.984726871404588,-0.5358484429085334,8.935008223016359
12750.0,6.5,-0.3535943806011921,28.90298938889136,-0.49223906444822807,26.63555360797157,-0.550917789309254,20.882949058068835,-0.5698179800454916,15.975994903617625,-0.5463326342972168,11.316050354624,-0.5108145239342651,8.983406228584215
12750.0,8.0,-0.3271965402198232,50.839255700367,-0.45505715203811603,40.4282710264083,-0.49360435830973226,27.78986188233982,-0.46452444484350613,18.68609579024981,-0.3571912229794048,11.656075320016148,-0.2474793303602052,8.88200603532095
12750.0,8.25,-0.41488928503951616,64.1481257257023,-0.5729136841084834,40.6709310313356,-0.6199189606221134,26.18281230167951,-0.618397902585869,17.923392929824097,-0.5290068255176588,13.103147518735444,-0.3885853154297947,9.588000172869318
12750.0,9.25,-0.3576535672516358,80.41469892567513,-0.48850011100559354,59.001763562408705,-0.4718679300432586,34.49664595198006,-0.34287885162176196,19.892525983088145,-0.12082122219723941,12.761065015467487,-0.040797445918315085,9.965605489913283
13000.0,4.5,-0.35544324465313987,9.441415368984114,-0.48805480040820964,9.358681062144985,-0.5434283983945489,8.079779765390985,-0.5711863451399785,7.504477863886697,-0.5874873585581938,6.744478844294659,-0.5970184544058624,6.2800287721693735
13000.0,4.75,-0.3540610744330217,10.791497709838275,-0.48840116660911664,10.612050989549246,-0.5445010830657686,9.121576765596124,-0.5725769061192689,8.391061228762183,-0.5885957585273758,7.393089628751648,-0.5964145984694513,6.777171315792507
13000.0,5.0,-0.35299851069910887,12.33342064908569,-0.4887156296403361,12.029302204047768,-0.5454694771581974,10.283159078675196,-0.5738017522811568,9.342786553350773,-0.5888836579235421,8.044208880469148,-0.5941408917906572,7.2472897329194
13000.0,5.25,-0.3522113560385514,14.101420410405346,-0.48895678536847254,13.640659177498376,-0.5463057271883808,11.580263773319608,-0.5747478717676356,10.356412611010327,-0.587947763607744,8.687162877701377,-0.5895791375596033,7.683331989939982
13000.0,5.5,-0.3515713329511803,16.13774233201534,-0.4890246078580276,15.479787165196669,-0.5468970193744905,13.027437426417698,-0.5751796320588118,11.422884348604292,-0.5852132596857209,9.308862288269934,-0.581898692803027,8.077282435834945
13000.0,5.75,-0.3510581965298146,18.490619036801274,-0.4889183516394722,17.583508354187643,-0.5472331459553705,14.63471511623392,-0.5748631977917955,12.524708181901055,-0.5800534433625083,9.89371817696222,-0.5703401801501893,8.420826569194276
13000.0,6.0,-0.35071521053454546,21.206408732538154,-0.4886501431529828,19.989195278098492,-0.5472356393249862,16.404750670224647,-0.5734586509741804,13.635015566677895,-0.5717741277581659,10.424028446201145,-0.5543311213420739,8.70162294279314
13000.0,6.25,-0.3504698977705506,24.35359928886067,-0.48829327147007956,22.731804213256833,-0.5468854033572645,18.32558308027091,-0.5705585577594583,14.717389187254037,-0.5597916580230141,10.880344339483685,-0.5336830710258273,8.898786092495762
13000.0,6.5,-0.35048912386059405,27.99759411720889,-0.48798817711145986,25.854495686691795,-0.5462714806531132,20.369774976767495,-0.5658587815835514,15.729282417048442,-0.5439428420452658,11.243121831549534,-0.5088260037946436,8.981678096377022
13000.0,6.75,-0.35091307086494783,32.21582918490842,-0.48795452765040415,29.388167973526105,-0.545388390381337,22.48757683592279,-0.55906669273035,16.625840986976474,-0.5246477734432143,11.489073037350384,-0.48088007524010296,8.9438867025235
13000.0,7.5,-0.5722363820414109,35.41159130209046,-0.7201583349218837,24.589412155811715,-0.7601583011188432,18.33962058586592,-0.757026969230799,15.358049906707366,-0.6537433489375966,12.043134421789894,-0.47200506303142864,9.415866217381991
13000.0,8.25,-0.3328278444229284,60.01517658295523,-0.45734090489974955,48.480241147259434,-0.4870070004842059,30.244054984308598,-0.4439310992667825,18.644983472783924,-0.3234388111197626,11.454757881456395,-0.20411283984090153,8.819235159675609
13000.0,8.5,-0.3143616864942429,48.388067273977306,-0.4139757547107928,48.01095164747977,-0.43926218614167356,29.92829649718724,-0.3730018872902325,18.682813222769003,-0.1999349887574225,11.858372581896607,-0.0902968224765749,9.16421400804684
13000.0,9.0,-0.33151510531967554,39.84615164067909,-0.48501662267579543,25.091382631682816,-0.4811135051053618,16.349853101237684,-0.42472648404248486,12.018103366235184,-0.27530934410443314,9.718043800356615,-0.15682248073586602,8.6379109181655
13250.0,4.5,-0.35164475209898277,9.27951950685337,-0.48259521418817375,9.224750447131328,-0.5374662953731001,7.962894687299683,-0.5650074509439716,7.402051926146839,-0.5811394739675182,6.6635509011486755,-0.5906366525906058,6.212247521826406
13250.0,4.75,-0.35032106147922965,10.594988499420442,-0.4830141611816765,10.449572628114172,-0.5385877104454284,8.9824641988199,-0.5664353651289884,8.272491275406542,-0.5823105751742007,7.303724557725329,-0.590143906997396,6.7054894433088945
13250.0,5.0,-0.34933830061688925,12.092289304250558,-0.4834071313858872,11.830538727106163,-0.5396251357291977,10.115830230359931,-0.5677146962106029,9.20495765592801,-0.5827194969131979,7.945702414144505,-0.5880737289501597,7.171817368740851
13250.0,5.25,-0.3486539422581146,13.803255033888275,-0.4837693103317248,13.394219034693863,-0.5405624131070951,11.377298068955408,-0.5687669504079669,10.196072926993143,-0.5820004985339062,8.579539628386238,-0.5838583005852731,7.605002520043964
13250.0,5.5,-0.34817633005738113,15.76960402975335,-0.4840496338961053,15.173120915247358,-0.5413532724413551,12.780944808537932,-0.5694247072736556,11.237981524918824,-0.5796792987519745,9.193713658361371,-0.5767705057252548,7.999031734486893
13250.0,5.75,-0.3478081329604741,18.037206625115488,-0.484163147744839,17.202673883813723,-0.5418955633088872,14.337725260095143,-0.5694026850626979,12.315797084075177,-0.5750938037155197,9.774917518478235,-0.5660101214303017,8.346863289600714
13250.0,6.0,-0.34760374166037716,20.65285145948646,-0.48414240726200863,19.519146215668375,-0.5421805913999415,16.051121349674972,-0.5684009683328898,13.406452683499102,-0.5675869931765494,10.308273150021318,-0.5509502299777499,8.63880170468885
13250.0,6.25,-0.34747824197508836,23.680790380042076,-0.4840071463215176,22.158648373819762,-0.5420978546556295,17.9148841691654,-0.565999777713671,14.478785042787887,-0.5564654964241574,10.777539418863931,-0.5311578712114542,8.856360839315311
13250.0,6.5,-0.34752487615554495,27.186040110059384,-0.48384322849558176,25.162019748247943,-0.5416716065289773,19.907487284802496,-0.5618138220547767,15.49510754936575,-0.541367899235741,11.164302935344484,-0.5067855515786481,8.969952044197468
13250.0,6.75,-0.34783923877791945,31.24189355624554,-0.483774448268582,28.566726526638668,-0.5408916390719639,21.986991824516224,-0.5554678367094159,16.414696118990705,-0.5224245789190283,11.445158386836537,-0.4785875246464142,8.961514951496886
13250.0,7.0,-0.3485368596481724,35.94150734892587,-0.4840254174599672,32.40065796989294,-0.5396944980209152,24.092256374646734,-0.5467417379674228,17.20008521345924,-0.5004552312695492,11.591735660560854,-0.4478110146837144,8.867759520499245
13250.0,7.75,-0.3017740185512017,26.7717275644073,-0.34988688088748315,18.39517808251297,-0.38676650328692286,10.23015976553519,-0.32324451043112007,8.267537467161212,-0.1662473880408129,7.856994944342501,-0.09102258155263715,7.781855281836251
13250.0,8.25,-0.33363131590424716,58.42426296949042,-0.45739154408012495,44.445002615533824,-0.4876033784151228,29.228333068111517,-0.44604499432808686,18.762997271145693,-0.3231386057547637,11.531299912474847,-0.202924991603155,8.867656150217407
13250.0,8.75,-0.35426110055461885,109.44117635694974,-0.4935162615865363,73.20048057539582,-0.47962115657900267,34.09667745092898,-0.4175646394603542,19.215286674644528,-0.26384865706993915,11.75439793702348,-0.13865252882192447,9.144546921223478
13250.0,9.0,-0.28555005020033586,35.88315535385907,-0.33412475698454874,31.439262172698804,-0.2901347444045801,18.8381294384419,-0.20820309522667135,15.706706514197341,-0.07007303938774681,12.321018205340826,-0.02294042070946171,10.058816128254486
13250.0,9.25,-0.3179368130120998,88.48719558412851,-0.42712434319071196,65.48466938468209,-0.4044739072261657,32.80106108748359,-0.31013867819050966,18.30934553845263,-0.12826022562232253,11.916493440870658,-0.050311314021374294,9.45138241733256
13500.0,4.5,-0.3479228432759927,9.13300801318539,-0.4772804955494703,9.103858568576062,-0.5316772547290188,7.856468627701303,-0.5590117285579821,7.308429429455126,-0.5749759177279603,6.5893111609450745,-0.5844204360692586,6.150117601181592
13500.0,4.75,-0.3466434936355111,10.418905858104699,-0.47775086127214156,10.30494573385121,-0.5328385476220461,8.857235340930812,-0.5604709593724571,8.165164235686323,-0.5761981719745389,7.222542001925886,-0.5840156806130032,6.640271614338457
13500.0,5.0,-0.3457197680052691,11.878254358805977,-0.47821284307369405,11.655089018867473,-0.5339297374067766,9.966719593649064,-0.561794558071785,9.08145790783216,-0.5766843775306401,7.85735895478245,-0.582099178851715,7.103802820971147
13500.0,5.25,-0.3451205762535395,13.540444971696711,-0.47867193594257695,13.178745733183378,-0.5349482373909267,11.198023472712302,-0.5629196917277495,10.05370978703307,-0.576143999645243,8.483497294299935,-0.5781441429589885,7.534882678235357
13500.0,5.5,-0.34475326610680046,15.445120437302545,-0.47909000349481323,14.90616498776748,-0.5358610490191661,12.564467711845557,-0.5637212950626805,11.07432613789765,-0.5741096159544835,9.090790733573398,-0.5715040508718107,7.928131046416323
13500.0,5.75,-0.344531564033316,17.637247699238355,-0.47940325993634797,16.87133903518915,-0.5365958655584893,14.076894846165775,-0.5639435913553599,12.130447191801638,-0.5700086656449849,9.667491166941401,-0.561414978695384,8.27844690768133
13500.0,6.0,-0.34447712467125624,20.160387615132795,-0.47960191100952904,19.108962214123608,-0.5370866449877645,15.740285051915965,-0.5632786513487034,13.201769228157497,-0.5631233528379276,10.2016572811853,-0.5471443067681813,8.578064667840525
13500.0,6.25,-0.3444691416310764,23.082141152749763,-0.4796965691770496,21.65550442454536,-0.5372797352798864,17.5508332846503,-0.5613244379998804,14.261580078187103,-0.5527949997421568,10.67916899428522,-0.5282252165842435,8.81072865695398
13500.0,6.5,-0.34461479444863274,26.45661454719425,-0.4796972581844555,24.551522515252096,-0.5370815940517347,19.492031803915552,-0.557648935021455,15.2759887861656,-0.5384983987170289,11.083456565463349,-0.5045204318970424,8.949870401693268
13500.0,6.75,-0.3449272126850698,30.36545280681339,-0.4797277158229074,27.834015315687257,-0.5364808178459397,21.52944322322967,-0.5518369593858661,16.20902358902001,-0.5201541034806522,11.392569278490688,-0.47645841452116167,8.971317884225732
13500.0,7.0,-0.34554579030429505,34.8854300989478,-0.4799462053342886,31.531200502077528,-0.5353956456442968,23.608016682900935,-0.5435496331905096,17.023725928653185,-0.498277797633371,11.57650717892239,-0.44509054542988713,8.89519671330232
13500.0,7.25,-0.34651270205783163,40.115644701487504,-0.48047005907667234,35.67345840278597,-0.5336322875337736,25.66208025038083,-0.5325980047301397,17.69384436720561,-0.47376181498027053,11.609663869521523,-0.4108618019043004,8.790612530822898
13500.0,7.5,-0.2761828098885733,81.64708518574868,-0.4772761560019135,59.71276334462799,-0.5076821437185697,36.4665673207305,-0.4254445025732358,21.207989613244457,-0.34351762335686453,12.999193817656353,-0.27464496421812895,9.15556360778287
13500.0,7.75,-0.33481856390011144,32.926619645860185,-0.433344014807282,22.346491532385873,-0.4686152184370222,16.476014394925297,-0.47137340112072734,14.245714983559969,-0.40751592904099593,11.050741324336247,-0.32000897206282275,8.63884961300907
13500.0,8.0,-0.3186974364892069,44.43010324602701,-0.4308742217376971,36.64902814358694,-0.46744664596306273,25.36831598243265,-0.44754488980427126,17.520975968204958,-0.34665544752865574,11.47871333031167,-0.23702117583174387,8.877217111803935
13500.0,8.25,-0.30172743675131336,116.67130370292844,-0.4275063622318664,76.12472596253104,-0.47320426372660435,28.148365399283488,-0.4479951499263393,17.446148484806265,-0.3438901685586394,11.428949689532722,-0.2254660386453376,8.774870300028441
13500.0,8.5,-0.33939886668984354,68.25824005420598,-0.46301241468979626,53.62267989922309,-0.48223956676102553,31.526429218457125,-0.4268126480927116,18.619752516612536,-0.2844388678902824,11.465035569502769,-0.15960378567595637,8.919102503844675
13500.0,9.5,-0.2378835895239445,53.819848511828354,-0.2921004257580339,42.107325796109535,-0.2703316891830836,30.09751724055815,-0.1941117512627683,18.168397660867946,-0.0709252174765951,12.219922981462876,-0.025028873492405384,9.641259733602192
13750.0,4.5,-0.34447946984100114,8.994740165262291,-0.4722107271582093,8.992131341331381,-0.5261841157444638,7.757066742346179,-0.5533227627152579,7.220678899350594,-0.5691076025277895,6.5195844507226495,-0.5784963055968129,6.091364040471024
13750.0,4.75,-0.3432052454472668,10.255275720982548,-0.4727163221734944,10.172764444806376,-0.5273617800858751,8.741658578179514,-0.5547870103532109,8.065843216505579,-0.5703519707424005,7.147310344781408,-0.5781284848270469,6.5798598494985026
13750.0,5.0,-0.34229753320333345,11.68212026627033,-0.47321618032725526,11.496676478132873,-0.5284703515010116,9.830881313879145,-0.5561193654620686,8.968437244922413,-0.5708886726459973,7.7760821054538125,-0.5763093154788648,7.041349194258809
13750.0,5.25,-0.3417358172632762,13.302683691494547,-0.4737362739633452,12.986432772659757,-0.5295304026702533,11.036821307158133,-0.5572803580427953,9.924857556072123,-0.5704401891445929,8.396234243887928,-0.5725383356532521,7.470740202562207
13750.0,5.5,-0.3414326919565319,15.15420993365883,-0.4742454556104102,14.670284468523503,-0.5305190007061751,12.3715941919063,-0.558165162442689,10.927552335150642,-0.5686300815786175,8.997638685648525,-0.5662276858586455,7.863400452861579
13750.0,5.75,-0.3413068227493047,17.27977121303253,-0.4746938046123059,16.580181031300715,-0.5313751452224704,13.845836246785241,-0.5585503126619561,11.964773144156576,-0.5648590529871778,9.570290350600862,-0.5566211466423383,8.215215604677654
13750.0,6.0,-0.34133564792245924,19.725475428538864,-0.4750696699764702,18.74943870903814,-0.5320447172952977,15.464856208330383,-0.558153016701158,13.018004004847928,-0.5585155796093955,10.10332764377653,-0.5430708877065635,8.51983878067496
13750.0,6.25,-0.3414937398603279,22.542847068087926,-0.4753551015134658,21.213222232474468,-0.5324277378933983,17.22743357599526,-0.5565651884433744,14.063932252058585,-0.5488655271280576,10.585476041777657,-0.5249209890095146,8.763494481461636
13750.0,6.5,-0.34172297532360646,25.802768539379038,-0.4755432708980584,24.01183471886069,-0.5324753362625956,19.119433665436045,-0.5533498595471739,15.073097023589929,-0.5353248813975043,11.002577928803658,-0.5019217894992548,8.92260383429822
13750.0,6.75,-0.3420749327516057,29.572940619252503,-0.475692267883129,27.18238164361233,-0.5320654337321585,21.113779798525606,-0.5480401057128647,16.012853962183044,-0.5176209866713809,11.334279821034238,-0.47420412079704927,8.970473012790153
13750.0,7.0,-0.34265870541095284,33.928065752041434,-0.47592424272820344,30.757101147919787,-0.5311094739852328,23.163968619115845,-0.5402293070502839,16.849781667274378,-0.4960367131311652,11.55086743775355,-0.4425197912389143,8.914566134885424
13750.0,7.25,-0.3435070144331695,38.96847307298591,-0.4763750471573669,34.76333948970638,-0.5294532475365993,25.20712409206525,-0.5296499538876386,17.555187904537345,-0.4713003956347876,11.620982137891936,-0.40746672089234326,8.814171392857688
13750.0,7.5,-0.34475832219222236,44.79152295286496,-0.47723919049522345,39.20777042888465,-0.5268736259836171,27.168299217714825,-0.516354226860058,18.1054617920278,-0.44441483263545883,11.562850774917788,-0.36845246648220664,8.72868061244788
13750.0,8.0,-0.3518337625385066,62.43459664777259,-0.49189694571239523,46.451367171634566,-0.5389758125874254,28.48508052839279,-0.50806809730474,19.63443672841927,-0.38681198709222375,11.662173543402377,-0.2724721539114892,8.732206411763158
13750.0,8.25,-0.3551795005095626,61.41234293516529,-0.4809869453667697,48.62259085211104,-0.511654419434815,30.05943769517059,-0.47064279544711257,18.685457043041687,-0.3471376907912904,11.486263269966162,-0.2208530388344393,8.821807177583697
13750.0,8.5,-0.3225224686055284,60.574870997113294,-0.446660370293116,48.07350230366796,-0.4697718023680031,30.657696758561038,-0.41120039600284936,19.069827681595115,-0.25999274154224644,11.782200293898278,-0.13743854754290374,9.185375319607651
13750.0,9.0,-0.2901316036251848,130.52618376034255,-0.5456607991518899,81.77121358456078,-0.5128157985970513,42.045465945063285,-0.3636973968197311,20.72347171524137,-0.1796636092676832,11.920607245530507,-0.08110090631073477,8.636316823478955
13750.0,9.25,-0.299276969017313,76.66026558326402,-0.4033392485566206,60.74235653448833,-0.38127070321734247,33.017034953364906,-0.27846520942028397,18.804525380853175,-0.10317929147618136,12.212864716341853,-0.03760581850946266,9.513018205031429
13750.0,9.5,-0.2844977077314261,76.34083178190927,-0.37623334693665555,59.095572865096095,-0.3353949665404874,32.921465486039885,-0.2143155334949532,18.776801535466173,-0.060295539781990454,12.478016010867456,-0.019767303479617842,9.701784340318218
14000.0,4.5,-0.3411198639688249,8.866323901350974,-0.4672845371029912,8.888671009582568,-0.52084210334306,7.664483119596413,-0.547798852897352,7.138582442958384,-0.5634103064193019,6.4542503931985316,-0.5727149745176952,6.03652184164177
14000.0,4.75,-0.33983599242944595,10.105182934282386,-0.46781706397859857,10.051812906644908,-0.5220376211444976,8.635035627256102,-0.5492650506297247,7.9738685181794775,-0.5646713585493464,7.077335009921577,-0.5723853312410594,6.523679895214898
14000.0,5.0,-0.3389319076377527,11.504097359244216,-0.46835507042809904,11.35276470072141,-0.5231596074254602,9.706768311104815,-0.5506025295950359,8.864738923538122,-0.565240642347325,7.7013377614778165,-0.570634808851623,6.983897965565878
14000.0,5.25,-0.3383912863736749,13.088891779639212,-0.46890865118343056,12.81407475348767,-0.5242401758794659,10.891007836864881,-0.5517848540373237,9.807678182471843,-0.5648719931204617,8.316583520749472,-0.5670029513538037,7.412249046713871
14000.0,5.5,-0.3381342370099751,14.894583310152285,-0.46948524406995196,14.460851806040992,-0.5252879461164314,12.198783243138726,-0.5527241566292654,10.795300682356995,-0.5632048420720591,8.913378696684196,-0.560925151466596,7.804624038320774
14000.0,5.75,-0.3380866064294862,16.96195083886169,-0.4700406470778526,16.323210269290986,-0.5262376826509014,13.640051805109247,-0.5532312128781411,11.81608889890993,-0.5597137951356951,9.482231900746797,-0.5517368760395701,8.157383629683071
14000.0,6.0,-0.3382144290380005,19.335078755924652,-0.47055346053778313,18.433430353402706,-0.5270405038525917,15.220603301797658,-0.5530377037389583,12.853371366664305,-0.5537872892286216,10.013837780357916,-0.5387266453636603,8.465446469692928
14000.0,6.25,-0.33848402662595284,22.064585661326962,-0.47101131718567646,20.824484071565998,-0.5276039282472521,16.94005733697529,-0.5517556308481717,13.885723891325414,-0.5447040230556167,10.498684947963214,-0.5212773715774233,8.717251841938943
14000.0,6.5,-0.3388269937488077,25.21797597146842,-0.47138176871206644,23.5357533731214,-0.5278480556070674,18.787172388579528,-0.5489585692198643,14.886965095460292,-0.531865126470831,10.924534996980467,-0.49899073034510966,8.89143279756578
14000.0,6.75,-0.3392709961764517,28.86099737655867,-0.4716945164442111,26.60397757626293,-0.5276708988867647,20.738272239138638,-0.5441448666977977,15.82846374203231,-0.5148596085723082,11.273253776832593,-0.4717558812707025,8.962296978003172
14000.0,7.0,-0.33987761900163793,33.06697195064035,-0.47201633250434455,30.063367287063922,-0.526906227937748,22.754971281253912,-0.5368407829215427,16.6801046690411,-0.49372471857839284,11.517408232322573,-0.4400547121485054,8.927878790013388
14000.0,7.25,-0.3406832289886965,37.92970085396923,-0.47245437006400043,33.942777217295685,-0.5253919522758108,24.78124632188664,-0.5267004727386371,17.413636732822354,-0.46901769172535285,11.622474282044344,-0.40444057938947814,8.835481107136586
14000.0,7.5,-0.3417982090855818,43.54517487112351,-0.4731883724873254,38.2552210151052,-0.5229057650516516,26.74874250896153,-0.5136370696684467,18.004248115901778,-0.4415572014766824,11.588956998363376,-0.36457678541734645,8.748284692865157
14000.0,7.75,-0.34328590112864327,50.02178460121992,-0.4743824149381946,42.98375135168022,-0.5191265849160047,28.581762149954905,-0.49793385764599807,18.42401701190898,-0.4120349086342844,11.499401362806402,-0.3198450839003503,8.699207722390456
14000.0,8.0,-0.2545593864205214,63.759738498004744,-0.30724706957482945,68.00300781568035,-0.3902802948416384,22.822343581954485,-0.3949594137199176,13.434099086757762,-0.3222622979387897,9.89231591419605,-0.23246611309561294,8.09312961752084
14000.0,8.25,-0.3134253819353827,52.52183651292251,-0.42284425148526755,42.11966945291744,-0.45285751057396006,27.40533024313642,-0.4204170583277335,17.912621426038864,-0.3032628778463484,11.421479622112127,-0.1880651219819807,8.887982816875114
14000.0,8.5,-0.35004595282332684,76.18002151465276,-0.4823990842038656,59.465442730229455,-0.49718157494981996,32.85023072511735,-0.44023177710555855,18.695486576221704,-0.30061804014227445,11.405476829504499,-0.1730487546120229,8.853022028052436
14000.0,8.75,-0.3320071258352841,72.36145764586234,-0.45123321723584353,56.194821216212,-0.45925308891577604,32.11963376701353,-0.3901140061487646,18.573802280094853,-0.2246662860338373,11.61236248907596,-0.10936810320623212,9.126276081140423
14000.0,9.0,-0.39273420648155033,128.18121879515868,-0.5276823558493816,79.41812429765092,-0.4588983385739252,34.677196516824786,-0.4018626550921386,16.94971796020576,-0.22955539154156573,11.660725712976541,-0.10671047070458144,9.506652596914824
14000.0,9.25,-0.30458944816571965,74.66098424648803,-0.4055201903896731,52.95462390469878,-0.38874645892824955,32.48320074680636,-0.2859085402958678,18.667694680577835,-0.10810707642359679,12.173788386659766,-0.0398689789040975,9.56478915119979
14000.0,9.5,-0.3232906480820494,53.88991050883776,-0.3751321695361242,51.296897428299914,-0.3363111549772906,30.612682677744022,-0.23196400787846663,17.56282630340437,-0.0763124785983219,11.899246526058628,-0.02746023762753709,9.313342767556627
14250.0,4.5,-0.3377394561742372,8.749387339763086,-0.46243939925985383,8.793548557340001,-0.5156082459167669,7.578440666368715,-0.5423795912625833,7.062192652299865,-0.557813752056664,6.393321124022574,-0.5670411639213949,5.98552277887858
14250.0,4.75,-0.33647633519166115,9.968376555026076,-0.46301070102098113,9.941167809509,-0.5168317551007056,8.536424712335593,-0.5438645982880704,7.888573662995433,-0.5591041685462238,7.012491458183745,-0.5667503630921241,6.471454589847209
14250.0,5.0,-0.33560093218104586,11.342142860184541,-0.4635908500017835,11.222164780279883,-0.517980113000118,9.592556586159969,-0.545216576639321,8.769152020499128,-0.5597068356543232,7.632337526589406,-0.5650599895555555,6.930933324067581
14250.0,5.25,-0.3350953810241247,12.894888440735215,-0.46418789572959135,12.658164016097972,-0.5190871691142095,10.7576616115641,-0.546419323119126,9.700308818065277,-0.5594069749451243,8.243474188860644,-0.5615448213475343,7.3585377616497505
14250.0,5.5,-0.3348807106860584,14.660059047197791,-0.46482091917876506,14.27258681664386,-0.5201583498188945,12.042260255210088,-0.5473991106384167,10.674839173302772,-0.5578484865755957,8.836501911609139,-0.5556436111225546,7.7509215831790375
14250.0,5.75,-0.3348956007109468,16.676225991984463,-0.4654663476028788,16.09340405953102,-0.5211905413288679,13.454894090086633,-0.5479959573440862,11.681507106208567,-0.5545780358461481,9.402159774771022,-0.5467717675173238,8.104393659052999
14250.0,6.0,-0.33510989753187914,18.985168773005498,-0.4660949650958948,18.151781778924256,-0.5221014337661011,15.001551954549749,-0.5479614462745361,12.70448782654223,-0.548976622888039,9.93217520913201,-0.5342182631045821,8.414893333893188
14250.0,6.25,-0.335494995747989,21.63454997165539,-0.46669915314523164,20.478723841225097,-0.52281410352308,16.682333120289215,-0.5469400352387771,13.723793592889233,-0.5403921699931791,10.418122962880128,-0.5173815358040781,8.672326314648565
14250.0,6.5,-0.3359473806042936,24.691405472460872,-0.46722868278732704,23.113164741722443,-0.5232430958263242,18.488496125570318,-0.544493678391607,14.716672449881692,-0.5281707044456473,10.850001367974437,-0.495726713663444,8.858005866945584
14250.0,6.75,-0.33649744160074047,28.217771421265034,-0.46770443051110033,26.089105928390538,-0.5232610142013551,20.399363536555864,-0.5401271010874139,15.65667471747731,-0.51182093285931,11.211716875512346,-0.46906946028755864,8.948034650689518
14250.0,7.0,-0.3371656979520651,32.286352437880346,-0.4681482108784016,29.443027505492193,-0.5227144816097457,22.38147683364161,-0.5333299900168393,16.51742111925526,-0.4912445526503475,11.477765522592769,-0.4375621023986691,8.935089304208647
14250.0,7.25,-0.337978406714595,36.98663245270655,-0.4686466776002769,33.204300355927565,-0.5213930134709737,24.38584332165004,-0.5236851184437147,17.272329506448862,-0.4667436140331492,11.614423493968523,-0.40167301456080357,8.856599415279486
14250.0,7.5,-0.3390262706285696,42.40926482279822,-0.46931697557757224,37.39133329555707,-0.5190514146723721,26.350427965837525,-0.510962744424282,17.89643372263285,-0.4389915624727804,11.608830763478574,-0.3612232541149775,8.773672354571127
14250.0,7.75,-0.3403492626003761,48.663997285473975,-0.47032870049536557,41.996161441912285,-0.5153617544905068,28.205853789334856,-0.4952957937800607,18.360651523987272,-0.4086693455136815,11.52776368232412,-0.31574208883629934,8.721923387221475
14250.0,8.0,-0.342108785128545,55.825902761593404,-0.4718333411312765,46.97170269706143,-0.509975776764281,29.88005966449836,-0.47721586557508944,18.626796544020547,-0.3753553036673468,11.450883498960398,-0.2662194331601646,8.716644675339742
14250.0,8.25,-0.34438953144996215,63.93214299449605,-0.4738860864306567,52.22081046233246,-0.5025956209015018,31.305410515598446,-0.457463769231003,18.6883923047114,-0.3377384876163336,11.41124834841318,-0.2157448855263217,8.769136120585262
14250.0,9.25,-0.28286158372346965,143.1449523901277,-0.40410419265718744,88.41122913205318,-0.40648492497336575,34.02819222395541,-0.29554636503437626,18.968221032431686,-0.12647686470444527,12.044524547180629,-0.050018382879393204,9.355475534239218
14250.0,9.5,-0.3185162893960343,91.7959994836405,-0.42678527414096423,66.83230980461718,-0.38433980293697007,33.74276353840201,-0.2608693953807141,18.713691941878974,-0.0823538433625511,12.346699964231144,-0.02817664015819047,9.723976819686259
14500.0,4.5,-0.33439449476335786,8.640390279980442,-0.4577046345747575,8.704638157897664,-0.5104863791887315,7.4976046544768336,-0.5370767886084191,6.990256302556877,-0.5523447973558907,6.335820779696287,-0.5614800599496531,5.937336954923424
14500.0,4.75,-0.33315017322091794,9.841945006767244,-0.45831581387695697,9.838570751753986,-0.5117438557822651,8.444487665150836,-0.5385917280405073,7.808744137773077,-0.5536685512093732,6.951653805918663,-0.5612446370126124,6.422331868166341
14500.0,5.0,-0.33229952303428784,11.193698927704803,-0.458931714286509,11.102401299691127,-0.5129201840160842,9.487042906686476,-0.5399624884278692,8.680422627226637,-0.5543082165546981,7.568171514329429,-0.5595925579511533,6.881804804321675
14500.0,5.25,-0.3318242841528334,12.718840155821583,-0.4595709795247425,12.51658567122886,-0.5140592819625791,10.635533076452106,-0.541189125123504,9.6014926632349,-0.5540579805292218,8.17628051109599,-0.5561626122351649,7.309267365218202
14500.0,5.5,-0.33165434759313933,14.448322509930927,-0.4602537336829798,14.103011797946422,-0.5151654884149192,11.899632118624446,-0.5422021538530323,10.564747393269633,-0.552598541619504,8.766192230517078,-0.5504209419317032,7.701769580646797
14500.0,5.75,-0.33174440222226104,16.417684127379456,-0.4609663657806132,15.888181453912079,-0.5162283891710862,13.287860581922736,-0.5428645517370003,11.559190848264908,-0.5494776817853745,9.329390987861132,-0.541764497580095,8.056219532514804
14500.0,6.0,-0.3320324120548872,18.66971386601983,-0.4616861191446348,17.901576471906978,-0.5172394151917301,14.804723774105017,-0.542951552213053,12.569693802408663,-0.5441466920969799,9.857880437382406,-0.5295945771316313,8.368210810679706
14500.0,6.25,-0.3325146269213769,21.247637678268198,-0.46241221882058337,20.172265302142936,-0.518071280306762,16.451267329230102,-0.5421273631537518,13.577406879657087,-0.5359564290002347,10.344198191691966,-0.5132349462726468,8.630025630182201
14500.0,6.5,-0.3330698469080384,24.21792037900194,-0.46308738925867843,22.73761039338206,-0.5186536921495334,18.220317940498845,-0.5399778692832125,14.561291424469315,-0.5242537538517381,10.780149094497865,-0.4921806542495784,8.823894000444662
14500.0,6.75,-0.33371938675957313,27.638103355908665,-0.4637081583855677,25.631363738953496,-0.5188479451863637,20.09377864824416,-0.536002765751434,15.497847367243928,-0.5085249400296546,11.151282123441757,-0.4660770323713877,8.93008873753832
14500.0,7.0,-0.33447812196027976,31.579449578667738,-0.4642937616235123,28.888280349342466,-0.51849913300517,22.041734754703576,-0.5296820829794977,16.363349116043107,-0.4885083737126116,11.434788579778981,-0.43488842647969106,8.935342610795685
14500.0,7.25,-0.33533608442088336,36.12855098385585,-0.46487480110041507,32.540780427147276,-0.5173908671340258,24.020847718600347,-0.520523798468122,17.13397438379663,-0.46436757788399424,11.598052900939631,-0.39894116803219876,8.87298456419504
14500.0,7.5,-0.3363689644357255,41.373725416044,-0.46556362158146214,36.6087658000802,-0.5152395561174452,25.976282888586447,-0.5082276874424767,17.785372055888434,-0.43653956780346703,11.62131439074992,-0.3581275055862555,8.798336003812713
14500.0,7.75,-0.3376170020326677,47.42300572479544,-0.46649091294050815,41.09301438108975,-0.5117282355642344,27.84363966310436,-0.49278570460474563,18.288594040499472,-0.40568513259840794,11.554604959555457,-0.312179738112934,8.75108578670056
14500.0,8.0,-0.3392001235249947,54.35543694255007,-0.4677963462155887,45.95726587494822,-0.5064515150306803,29.55464898231539,-0.4745457693127445,18.602769769677785,-0.37159121714103766,11.480818393406398,-0.2621592214672163,8.746830759632482
14500.0,8.25,-0.341250992938321,62.222247725135766,-0.46957027947581165,51.125047417112434,-0.4990861339378915,31.04302519345548,-0.454196491160322,18.70305510240039,-0.3331248291721219,11.438971540029312,-0.21129431927453513,8.796600931328728
14500.0,8.5,-0.3438595554266544,71.00157952439096,-0.47178145787688786,56.46494859684701,-0.48950957503930603,32.241221689709334,-0.43253964744048395,18.664236232297494,-0.28994193623414305,11.449547334061462,-0.1635530158913618,8.897259140847739
14500.0,8.75,-0.3258162648945131,64.93982785833774,-0.44053133202184025,49.08640795346299,-0.45269109759296344,30.527602286572247,-0.3841031318643481,18.893050617498634,-0.21263927747343597,11.842507822582586,-0.0991475245761248,9.288317388436612
14500.0,9.25,-0.3291477490024107,84.98256244842239,-0.44369743304278947,61.78252472622443,-0.42161296653287406,33.67561836404406,-0.3146043228446106,18.761541688477244,-0.12304441354946476,12.115631868189356,-0.046382106004534567,9.553591949644812
14500.0,9.5,-0.3403208937760097,103.84218813113873,-0.4540523507402983,73.3644812101725,-0.41125139228107627,33.66934703258824,-0.29299846111798084,18.43322506590359,-0.10146417345632444,12.126310571175692,-0.036611252226887915,9.60211615000197
14750.0,4.5,-0.33131948596325583,8.532536182477585,-0.45318249509607506,8.617152675261549,-0.5055937837988895,7.417722245144412,-0.5319889842984921,6.919172437815101,-0.5470848371680694,6.278843689848131,-0.5561222339813743,5.889323423601612
14750.0,4.75,-0.3300479749829368,9.719115849376434,-0.45381155137836166,9.740949859702967,-0.5068729563043857,8.356461164792215,-0.5335362667058593,7.7322186820846746,-0.548441818250143,6.893189260198831,-0.5559214344392964,6.375198173052002
14750.0,5.0,-0.3291923894191509,11.051650881961818,-0.454456945382206,10.989531703272162,-0.5080662545658002,9.386971332539929,-0.5349151544479276,8.596112757598029,-0.5491062880939758,7.50713062093509,-0.5543125079828098,6.834921006811173
14750.0,5.25,-0.3287227240298753,12.55232805514069,-0.4551230797707894,12.384592583936476,-0.5092181739907954,10.520893742067585,-0.536147798807154,9.508536617485909,-0.5488884689004717,8.112760861650214,-0.5509270314670826,7.262867665270643
14750.0,5.5,-0.32856551566344666,14.25093767642409,-0.4558357491123438,13.946842847400069,-0.5103410413585265,11.767262674633784,-0.5371761487839952,10.4621989491051,-0.5474863049521664,8.70056250435662,-0.5452963400956984,7.655862817899313
14750.0,5.75,-0.3286803138619199,16.181346284774165,-0.4565926059290726,15.70141930678132,-0.5114351174486697,13.13421219496301,-0.5378784135475346,11.446474293923448,-0.5444821581823092,9.262081396365485,-0.5368164846796345,8.011276371407595
14750.0,6.0,-0.32901434156042525,18.38348087540817,-0.45737444375396813,17.675895501060495,-0.5124706976978741,14.626182035630535,-0.5380434873657205,12.44644490353131,-0.5393532352415019,9.789448920687796,-0.524902438674064,8.325179840336117
14750.0,6.25,-0.3295688787583559,20.898979979550298,-0.4581814658073622,19.898805008154934,-0.5134137470923935,16.242490011953997,-0.537374023923656,13.443875938312855,-0.5314618535672726,10.276278659571922,-0.508964882436865,8.589844700170358
14750.0,6.5,-0.3302131140119789,23.790465126628074,-0.45898263126512656,22.402640472550583,-0.5141095535457886,17.97858293839756,-0.5354597921508584,14.41951599920736,-0.5202071826294351,10.714874858560533,-0.48838895258030834,8.790468502697646
14750.0,6.75,-0.33097831711442144,27.11148878952999,-0.4597355522999212,25.222647174787713,-0.5144553041513996,19.81755421742872,-0.5318117033647572,15.351593164475306,-0.504997299706993,11.093219609988031,-0.4628095217756329,8.908486393932037
14750.0,7.0,-0.33181467535667863,30.93886315106857,-0.46045565144874084,28.39201412456914,-0.5142908157521046,21.732592889676773,-0.5259122967111767,16.219012185636803,-0.48554766866034876,11.390028878215633,-0.4319906704440863,8.93020562772213
14750.0,7.25,-0.3327366040085495,35.34896217185568,-0.4611431784562669,31.943926577637185,-0.5133768456344042,23.685743302765665,-0.5172373433734132,17.0004230167336,-0.46181387919337474,11.575629981187587,-0.39613313047893334,8.883681107279527
14750.0,7.5,-0.33379104355513195,40.43030123671976,-0.4618767843929361,35.901863064447966,-0.5114447000000085,25.62685237788012,-0.5053877919289673,17.67373382976669,-0.43409898279148995,11.626271717264432,-0.3551020714738369,8.817309101988238
14750.0,7.75,-0.3350195732099797,46.28261429010855,-0.46278128233286325,40.2696404704378,-0.5081312379456524,27.498101795068507,-0.4902525328501898,18.209876942052812,-0.4029070273164279,11.577220006344465,-0.30883143757029524,8.775729571035278
14750.0,8.0,-0.3364736582272318,53.00585537633603,-0.4639608376386763,45.02431659464219,-0.5030316229112674,29.23603468559451,-0.4720413476079041,18.568177540298272,-0.36820819527653076,11.509669099196582,-0.25849954983969037,8.77648292960705
14750.0,8.25,-0.3383428065855711,60.64316022101364,-0.4655342653651499,50.099226634641425,-0.49577147288687035,30.775084505566507,-0.4513119943917035,18.711290511022735,-0.32907016537526385,11.47039409216889,-0.2074185773530469,8.829034260611026
14750.0,8.5,-0.3407248405736405,69.19635360977831,-0.4674861665455914,55.38623757406902,-0.4861379317059657,32.04728514236503,-0.4288457554968873,18.68768240320291,-0.28522805304107474,11.480525904721985,-0.15961733563129607,8.927674214994358
14750.0,9.0,-0.28055812734249824,67.64843166180358,-0.3774935829430632,56.31157700057901,-0.37466306210342404,30.928407265819065,-0.3007123015795516,18.199106870463222,-0.13850703002706838,12.006309637287682,-0.05612025257458411,9.570839366329668
14750.0,9.25,-0.3394323763369538,88.46658090728464,-0.45452127380664165,64.42269220721515,-0.4313879336197077,33.44192606278188,-0.3275822255856484,18.607087600618787,-0.1321389081182006,12.014966852322075,-0.05088962448773453,9.486806621163625
14750.0,9.5,-0.33264533251089795,56.62843362569328,-0.4037527049731939,38.39856195263883,-0.37816940419942285,23.81770678630871,-0.28033505357643873,16.916914577683762,-0.10125570018439624,11.951586471299063,-0.03732678146090756,9.60099292654922
15000.0,4.5,-0.3280872952470425,8.436152892512368,-0.44867718649886135,8.538020128843895,-0.5007163631464351,7.344980040707626,-0.5269388075241502,6.85412027963716,-0.5418731199578002,6.226690863037202,-0.5508105861539444,5.845583874413335
15000.0,4.75,-0.32684101123397596,9.608128717156562,-0.4493385366330975,9.650594695542736,-0.5020280658841596,8.274339771002559,-0.5285118436810797,7.660637345829742,-0.5432541199385046,6.838447776610908,-0.5506362562670775,6.331142134967255
15000.0,5.0,-0.32602188515812885,10.922415576739066,-0.4500239027594009,10.885303271533228,-0.5032556042697439,9.293834225007455,-0.5299159823035191,8.517419217677352,-0.543951838897943,7.450058412425809,-0.5490702837770385,6.791212832542645
15000.0,5.25,-0.32558878808527747,12.400559639354857,-0.45072816208967564,12.263238410477976,-0.504438663585318,10.414576360819229,-0.5311734612832879,9.422046072501827,-0.5437775078889121,8.053742467269386,-0.5457461578059878,7.219856774626605
15000.0,5.5,-0.3254724359713789,14.070722222423598,-0.4514825489595224,13.803808234245535,-0.5055909657136054,11.64506916076801,-0.532225957195307,10.367246186540916,-0.542436661519655,8.639753094276777,-0.540183524440686,7.6136064120739215
15000.0,5.75,-0.3256396292137299,15.965219715990333,-0.4522929316264007,15.530935605237316,-0.5067274060386591,12.992779085354066,-0.5329767392867072,11.342346062242578,-0.5395324092109187,9.199988055888905,-0.5318750565847494,7.96987893574859
15000.0,6.0,-0.32603194559316834,18.1223209989317,-0.45313722129547257,17.47101325353443,-0.5078098851631742,14.46226621445862,-0.5332119007937859,12.33310480071021,-0.5345618064400183,9.726637865930392,-0.520176955298005,8.28519994858855
15000.0,6.25,-0.3266505191069299,20.58167840415971,-0.45401941063533807,19.651098026614633,-0.5087970671011934,16.053045819078573,-0.5326623205172983,13.32168907054029,-0.5269310583374018,10.213661894929944,-0.5045483520926515,8.552304246332781
15000.0,6.5,-0.3273852539565109,23.40154350108067,-0.4549209043316164,22.101314567620335,-0.5096131458235518,17.759267634302763,-0.5309409126107411,14.289694752556779,-0.5160176149459387,10.654588586067465,-0.4844040959535866,8.757941932065409
15000.0,6.75,-0.32824607685547214,26.63540420418634,-0.4557911988788221,24.85581086898233,-0.5100889450318432,19.56692959935606,-0.5275762369431637,15.216953884406507,-0.5012941205519796,11.037805653211532,-0.4592811656729612,8.885159947524956
15000.0,7.0,-0.329178359833678,30.356718648238417,-0.456642659685266,27.946537966525714,-0.5100936882835775,21.451080895323024,-0.5220571124302734,16.084376394073317,-0.4823541597871741,11.345250645496435,-0.42888392514468043,8.921489014369731
15000.0,7.25,-0.33019587735536027,34.63620969338817,-0.45744808580193946,31.406829300107407,-0.5093765116386578,23.377869192600887,-0.5138232279878485,16.873297409062435,-0.4590866599809149,11.54892687889356,-0.39320068691632926,8.889404037782857
15000.0,7.5,-0.3312940041464738,39.568167853780935,-0.4582689236554069,35.261196384746704,-0.5076605711787902,25.30199099073493,-0.5024527013391012,17.562840088086432,-0.4316025793017788,11.624053063626581,-0.3520809179450423,8.83031062669537
15000.0,7.75,-0.33251650320618387,45.24326173163181,-0.4591767622411447,39.520584605668795,-0.5045696564928478,27.17122881269828,-0.48768000402843237,18.12688406742726,-0.4002620458580598,11.594479704033164,-0.30562865825550023,8.796281674151928
15000.0,8.0,-0.33391696591571246,51.76248180595122,-0.4603033309211209,44.165745266586065,-0.49968587781708457,28.926478083071643,-0.4696263810077082,18.52405636716248,-0.3651017896203335,11.533856437357997,-0.2551027802095776,8.802453226091762
15000.0,8.25,-0.3356378221278674,59.18483411142417,-0.46172670465451693,49.14713230843628,-0.49259148658495877,30.506723015873696,-0.44869901665360257,18.71086593641558,-0.32541172058195716,11.498478447627997,-0.20390483923645486,8.85879312372811
15000.0,8.5,-0.33780544827606257,67.52081995656184,-0.4634663053475552,54.36652302524596,-0.48299378412795896,31.842854059172637,-0.42559006983529285,18.71005707100251,-0.2810361455148946,11.51182870807547,-0.15616566627598524,8.961022289141322
15000.0,9.0,-0.33427422753188313,78.84403150512233,-0.45004715918225824,60.038565065216936,-0.44429773201035594,32.65746079327925,-0.3601983055551114,18.544088377969455,-0.17508027725263844,11.794216854340139,-0.07516670219868037,9.310449796360707
15000.0,9.25,-0.3306435545688438,86.0868558671822,-0.444080127533676,63.33510002504483,-0.42154200322966706,33.39076839053019,-0.31743307479348565,18.62972733527138,-0.12601531775648467,12.048806068894388,-0.04811077063358923,9.516659149739526
